%YAML:1.0
---
K: !!opencv-matrix
   rows: 3
   cols: 3
   dt: d
   data: [ 3.0221775256204110e+03, 0., 1.5116456976783059e+03, 0.,
       3.0244962154211935e+03, 2.0460233113380073e+03, 0., 0., 1. ]
D: !!opencv-matrix
   rows: 1
   cols: 5
   dt: d
   data: [ 2.4351185391744648e-01, -1.2836720174763079e+00,
       6.1063623586917280e-03, -4.1527212653599127e-03,
       2.4463773801538133e+00 ]
